80 0 -0 90 18 -0.5 70 41 -1 20 37 -4 60 41 -2.5
75 15 -4 90 15 -1 80 53 -2.5 70 72 -7 80 24 -2.5
60 30 -6 100 0 -0 80 20 -1 20 62 -5 50 20 -0.5
30 35 -5 60 27 -6 90 40 -1.5 80 27 -0.5 45 35 -4
60 31 -5.5 70 32 -5 75 15 -3 90 38 -1 50 24 -2
20 69 -7 40 66 -4.5 90 24 -1 100 15 -0 65 31 -3
10 76 -6.5 60 58 -4 20 20 -7 50 21 -5.5 75 22 -2
10 84 -6 20 60 -7 20 20 -7.5 40 22 -7.5 85 40 -0
70 33 -3.5 25 73 -6.5 10 47 -8 15 15 -5.5 100 0 -0
70 14 -0 80 13 -3 80 50 -6 30 88 -8 90 0 -0
50 27 -8 30 42 -6.5 50 10 -3.5 95 0 -0 70 0 -0
65 42 -4.5 55 34 -2.5 45 32 -4 75 16 -2.5 65 13 -3